0,277
278,555
556,833
834,1111
1112,1389
1390,1667
1668,1945
1946,2223
2224,2501
2502,2779
2780,3057
3058,3335
3336,3613
3614,3891
3892,4169
4170,4447
4448,4725
4726,5003
5004,5281
5282,5559
5560,5837
5838,6115
6116,6393
6394,6671
6672,6949
6950,7227
7228,7505
7506,7783
7784,8061
8062,8339
8340,8617
8618,8895
8896,9173
9174,9451
9452,9729
9730,10007
10008,10285
10286,10563
10564,10841
10842,11119
11120,11397
11398,11675
11676,11953
11954,12231
12232,12509
12510,12787
12788,13065
13066,13343
13344,13621
13622,13899
13900,14177
14178,14455
14456,14733
14734,15011
15012,15289
15290,15567
15568,15845
15846,16123
16124,16401
16402,16679
16680,16957
16958,17235
17236,17513
17514,17791
17792,18069
18070,18347
18348,18625
18626,18903
18904,19181
19182,19459
19460,19737
19738,20015
20016,20293
20294,20571
20572,20849
20850,21127
21128,21405
21406,21683
21684,21961
21962,22239
22240,22517
22518,22795
22796,23073
23074,23351
23352,23629
23630,23907
23908,24185
24186,24463
24464,24741
24742,25019
25020,25297
25298,25575
25576,25853
25854,26131
26132,26409
26410,26687
26688,26965
26966,27243
27244,27521
27522,27799
